city,disposal_ton,time,population_census_april_1_2010,population_per_square_mile_2010,disposal_per_population_ton
Gonzales,712,1995,8187,4260.9,0.08696714303163552
Greenfield,947,1995,16330,7648.1,0.05799142682180037
King City,1331,1995,12874,3348.6,0.10338667080938325
Marina,5078.32,1995,19718,2219.8,0.2575474186022923
Monterey,12370.31,1995,27810,3284.9,0.44481517439769863
Pacific Grove,4476.5,1995,15041,5250.5,0.2976198391064424
Salinas,32783.91,1995,150441,6490.5,0.21791871896623927
Seaside,6793.93,1995,33025,3575.3,0.2057208175624527
Soledad,1611,1995,25738,5831.1,0.06259227601212215
Gonzales,491.17,1995.25,8187,4260.9,0.05999389275680958
Greenfield,482.89,1995.25,16330,7648.1,0.029570728720146967
King City,2500,1995.25,12874,3348.6,0.19418983998757186
Marina,5029.46,1995.25,19718,2219.8,0.25506947966325183
Monterey,12897.2,1995.25,27810,3284.9,0.4637612369651205
Pacific Grove,4808.35,1995.25,15041,5250.5,0.3196828668306629
Salinas,34764.66,1995.25,150441,6490.5,0.23108501007039306
Seaside,7371.01,1995.25,33025,3575.3,0.22319485238455716
Soledad,923.71,1995.25,25738,5831.1,0.03588895796099153
Gonzales,1101.6,1995.5,8187,4260.9,0.1345547819714181
Greenfield,1348.8,1995.5,16330,7648.1,0.08259644825474587
King City,3212.79,1995.5,12874,3348.6,0.24955647040546838
Marina,4837.93,1995.5,19718,2219.8,0.24535601988031241
Monterey,13286.04,1995.5,27810,3284.9,0.47774325782092775
Pacific Grove,4597.56,1995.5,15041,5250.5,0.30566850608337215
Salinas,34392.99,1995.5,150441,6490.5,0.22861447344806268
Seaside,7487.05,1995.5,33025,3575.3,0.22670855412566238
Soledad,1101.6,1995.5,25738,5831.1,0.0428005284015852
Gonzales,961.84,1995.75,8187,4260.9,0.11748381580554539
Greenfield,1311.6,1995.75,16330,7648.1,0.0803184323331292
King City,3218.53,1995.75,12874,3348.6,0.2500023302780799
Marina,4349.14,1995.75,19718,2219.8,0.22056699462420126
Monterey,12107.99,1995.75,27810,3284.9,0.4353825961884214
Pacific Grove,4753.19,1995.75,15041,5250.5,0.3160155574762316
Salinas,31483.87,1995.75,150441,6490.5,0.20927719172300105
Seaside,6082.34,1995.75,33025,3575.3,0.18417380772142317
Soledad,1136.72,1995.75,25738,5831.1,0.04416504778926102
Gonzales,640.2,1996,8187,4260.9,0.07819714181018689
Greenfield,960.3,1996,16330,7648.1,0.05880587875076546
King City,2348,1996,12874,3348.6,0.1823830977163275
Marina,4348.36,1996,19718,2219.8,0.22052743685972206
Monterey,12108.2,1996,27810,3284.9,0.4353901474289824
Pacific Grove,4702.91,1996,15041,5250.5,0.31267269463466524
Salinas,31207.77,1996,150441,6490.5,0.20744192075298623
Seaside,6418.88,1996,33025,3575.3,0.1943642694928085
Soledad,896.28,1996,25738,5831.1,0.03482321858730282
Gonzales,587.4,1996.25,8187,4260.9,0.0717478930010993
Greenfield,881.1,1996.25,16330,7648.1,0.053955909369259036
King City,2476,1996.25,12874,3348.6,0.19232561752369115
Marina,4577.21,1996.25,19718,2219.8,0.23213358352774116
Monterey,12800.25,1996.25,27810,3284.9,0.4602750809061489
Pacific Grove,4370.04,1996.25,15041,5250.5,0.29054185227046075
Salinas,36068.64,1996.25,150441,6490.5,0.23975272698267094
Seaside,6341.44,1996.25,33025,3575.3,0.19201937925813775
Soledad,822.4,1996.25,25738,5831.1,0.031952754681793455
Gonzales,853,1996.5,8187,4260.9,0.10418956882863076
Greenfield,1194,1996.5,16330,7648.1,0.07311696264543785
King City,3419.8,1996.5,12874,3348.6,0.2656361659157993
Marina,4139.28,1996.5,19718,2219.8,0.2099239273760016
Monterey,11954.87,1996.5,27810,3284.9,0.4298766630708379
Pacific Grove,3827.09,1996.5,15041,5250.5,0.2544438534671897
Salinas,36265.23,1996.5,150441,6490.5,0.24105948511376554
Seaside,5823.14,1996.5,33025,3575.3,0.17632520817562453
Soledad,1109,1996.5,25738,5831.1,0.04308804102882897
Gonzales,604.1,1996.75,8187,4260.9,0.07378771222670087
Greenfield,969.6,1996.75,16330,7648.1,0.05937538273116963
King City,3114.9,1996.75,12874,3348.6,0.24195277303091503
Marina,3777.62,1996.75,19718,2219.8,0.19158231057916625
Monterey,11889.27,1996.75,27810,3284.9,0.4275177993527508
Pacific Grove,4317.65,1996.75,15041,5250.5,0.28705870620304497
Salinas,35007.61,1996.75,150441,6490.5,0.2326999288757719
Seaside,6040.36,1996.75,33025,3575.3,0.18290264950794852
Soledad,849.6,1996.75,25738,5831.1,0.03300955785220297
Gonzales,552.29,1997,8187,4260.9,0.06745938683278367
Greenfield,886.44,1997,16330,7648.1,0.054282914880587875
King City,2487.21,1997,12874,3348.6,0.19319636476619542
Marina,3596.97,1997,19718,2219.8,0.18242063089562835
Monterey,10589.67,1997,27810,3284.9,0.3807864077669903
Pacific Grove,4215.68,1997,15041,5250.5,0.28027923675287547
Salinas,34137.06,1997,150441,6490.5,0.22691327497158353
Seaside,5464.96,1997,33025,3575.3,0.1654794852384557
Soledad,726.67,1997,25738,5831.1,0.028233351464760276
Gonzales,1348.7,1997.25,8187,4260.9,0.16473677781849275
Greenfield,1613.9,1997.25,16330,7648.1,0.09883037354562156
King City,2496.7,1997.25,12874,3348.6,0.19393350939878823
Marina,3831.24,1997.25,19718,2219.8,0.19430165331169488
Monterey,11274.58,1997.25,27810,3284.9,0.4054145990650845
Pacific Grove,4163.15,1997.25,15041,5250.5,0.27678678279369723
Salinas,41852.03,1997.25,150441,6490.5,0.2781956381571513
Seaside,5802.74,1997.25,33025,3575.3,0.17570749432248295
Soledad,997.3,1997.25,25738,5831.1,0.03874815447975755
Gonzales,588,1997.5,8187,4260.9,0.07182117991938439
Greenfield,2183,1997.5,16330,7648.1,0.133680342927128
King City,2662,1997.5,12874,3348.6,0.2067733416187665
Marina,3912.53,1997.5,19718,2219.8,0.1984242823815803
Monterey,11704.61,1997.5,27810,3284.9,0.4208777418194894
Pacific Grove,4409.72,1997.5,15041,5250.5,0.2931799747357224
Salinas,44856.88,1997.5,150441,6490.5,0.29816924907438797
Seaside,6485.07,1997.5,33025,3575.3,0.1963685087055261
Soledad,2608,1997.5,25738,5831.1,0.10132877457455902
Gonzales,1143,1997.75,8187,4260.9,0.13961157933308904
Greenfield,1107,1997.75,16330,7648.1,0.0677893447642376
King City,1981.96,1997.75,12874,3348.6,0.15395059810470715
Marina,3577.65,1997.75,19718,2219.8,0.18144081549852928
Monterey,11130.68,1997.75,27810,3284.9,0.40024020136641497
Pacific Grove,4287.12,1997.75,15041,5250.5,0.28502892094940496
Salinas,32771.08,1997.75,150441,6490.5,0.21783343636375724
Seaside,6323.84,1997.75,33025,3575.3,0.191486449659349
Soledad,1203,1997.75,25738,5831.1,0.046740228455979485
Gonzales,1143,1998,8187,4260.9,0.13961157933308904
Greenfield,1107,1998,16330,7648.1,0.0677893447642376
King City,1980,1998,12874,3348.6,0.1537983532701569
Marina,3472.53,1998,19718,2219.8,0.176109646008723
Monterey,10040.54,1998,27810,3284.9,0.3610406328658756
Pacific Grove,3846.16,1998,15041,5250.5,0.25571172129512665
Salinas,33089.67,1998,150441,6490.5,0.21995114363770513
Seaside,6252.11,1998,33025,3575.3,0.1893144587433762
Soledad,1203,1998,25738,5831.1,0.046740228455979485
Gonzales,1537,1998.25,8187,4260.9,0.18773665567362893
Greenfield,1298,1998.25,16330,7648.1,0.07948560930802205
King City,2817,1998.25,12874,3348.6,0.21881311169799597
Marina,4015.7,1998.25,19718,2219.8,0.20365655746018865
Monterey,11331.5,1998.25,27810,3284.9,0.40746134483998564
Pacific Grove,4264.5,1998.25,15041,5250.5,0.28352503158034703
Salinas,42358.24,1998.25,150441,6490.5,0.28156047885882174
Seaside,6715.06,1998.25,33025,3575.3,0.20333262679788042
Soledad,1376,1998.25,25738,5831.1,0.05346180744424586
Gonzales,1495,1998.5,8187,4260.9,0.1826065713936729
Greenfield,1255,1998.5,16330,7648.1,0.07685241886099203
King City,2490,1998.5,12874,3348.6,0.19341308062762155
Marina,4305.02,1998.5,19718,2219.8,0.21832944517699565
Monterey,14318.89,1998.5,27810,3284.9,0.5148827759798633
Pacific Grove,4733.11,1998.5,15041,5250.5,0.3146805398577222
Salinas,47486.18,1998.5,150441,6490.5,0.3156465325277019
Seaside,6782.37,1998.5,33025,3575.3,0.20537077971233914
Soledad,1572,1998.5,25738,5831.1,0.06107700676043205
Gonzales,1373,1998.75,8187,4260.9,0.16770489800903873
Greenfield,1216,1998.75,16330,7648.1,0.07446417636252296
King City,2707,1998.75,12874,3348.6,0.2102687587385428
Marina,4164.9,1998.75,19718,2219.8,0.2112232477938939
Monterey,11514.54,1998.75,27810,3284.9,0.4140431499460626
Pacific Grove,4223.19,1998.75,15041,5250.5,0.2807785386609933
Salinas,37736.14,1998.75,150441,6490.5,0.25083680645568696
Seaside,5869.76,1998.75,33025,3575.3,0.17773686601059804
Soledad,1783,1998.75,25738,5831.1,0.06927500194265289
Gonzales,1203,1999,8187,4260.9,0.14694027116159766
Greenfield,1099,1999,16330,7648.1,0.06729944886711574
King City,2358.53,1999,12874,3348.6,0.18320102532235516
Marina,4131.29,1999,19718,2219.8,0.2095187138655036
Monterey,10452.13,1999,27810,3284.9,0.37584070478245235
Pacific Grove,3952.4,1999,15041,5250.5,0.2627750814440529
Salinas,34001.32,1999,150441,6490.5,0.22601099434329738
Seaside,6056.98,1999,33025,3575.3,0.18340590461771383
Soledad,1633,1999,25738,5831.1,0.06344704328230631
Gonzales,1375,1999.25,8187,4260.9,0.16794918773665568
Greenfield,1269,1999.25,16330,7648.1,0.0777097366809553
King City,2222.44,1999.25,12874,3348.6,0.17263010719279168
Marina,4329.98,1999.25,19718,2219.8,0.21959529364032862
Monterey,10986.9,1999.25,27810,3284.9,0.39507011866235164
Pacific Grove,4754.22,1999.25,15041,5250.5,0.3160840369656273
Salinas,42485.17,1999.25,150441,6490.5,0.2824041983235953
Seaside,6972.08,1999.25,33025,3575.3,0.21111521574564723
Soledad,1482,1999.25,25738,5831.1,0.05758023156422411
Gonzales,1508.08,1999.5,8187,4260.9,0.18420422621228777
Greenfield,1399.69,1999.5,16330,7648.1,0.08571279853031231
King City,2864.01,1999.5,12874,3348.6,0.22246465744912228
Marina,4431.08,1999.5,19718,2219.8,0.22472258849781926
Monterey,12043.78,1999.5,27810,3284.9,0.43307371449119025
Pacific Grove,4623.68,1999.5,15041,5250.5,0.3074050927464929
Salinas,45206.21,1999.5,150441,6490.5,0.3004912889438384
Seaside,6471.96,1999.5,33025,3575.3,0.19597153671461015
Soledad,1614.89,1999.5,25738,5831.1,0.06274341440671381
Gonzales,1603.28,1999.75,8187,4260.9,0.19583241724685477
Greenfield,1252.18,1999.75,16330,7648.1,0.07667973055725659
King City,2284.63,1999.75,12874,3348.6,0.17746077365232252
Marina,3711.62,1999.75,19718,2219.8,0.18823511512323765
Monterey,10136.84,1999.75,27810,3284.9,0.3645034160373966
Pacific Grove,3863.25,1999.75,15041,5250.5,0.2568479489395652
Salinas,41278.39,1999.75,150441,6490.5,0.2743825818759514
Seaside,5819.53,1999.75,33025,3575.3,0.17621589704769114
Soledad,1385.89,1999.75,25738,5831.1,0.05384606418525138
Gonzales,1510.09,2000,8187,4260.9,0.1844497373885428
Greenfield,1170.25,2000,16330,7648.1,0.07166258420085732
King City,3390.78,2000,12874,3348.6,0.26338201025322355
Marina,3572.14,2000,19718,2219.8,0.1811613753930419
Monterey,9996.16,2000,27810,3284.9,0.3594448040273283
Pacific Grove,3682.76,2000,15041,5250.5,0.2448480819094475
Salinas,33961.11,2000,150441,6490.5,0.22574371348236186
Seaside,6132.63,2000,33025,3575.3,0.18569659348978046
Soledad,1238.98,2000,25738,5831.1,0.04813816147330795
Gonzales,1617.39,2000.25,8187,4260.9,0.19755588127519239
Greenfield,1372.7,2000.25,16330,7648.1,0.08406001224739743
King City,2792,2000.25,12874,3348.6,0.21687121329812023
Marina,3614.57,2000.25,19718,2219.8,0.18331321635054265
Monterey,9977.59,2000.25,27810,3284.9,0.3587770586120101
Pacific Grove,3792.83,2000.25,15041,5250.5,0.2521660793830197
Salinas,41783.05,2000.25,150441,6490.5,0.2777371195352331
Seaside,6179.34,2000.25,33025,3575.3,0.1871109765329296
Soledad,1552.13,2000.25,25738,5831.1,0.06030499650322481
Gonzales,1986.85,2000.5,8187,4260.9,0.2426835226578722
Greenfield,1409.22,2000.5,16330,7648.1,0.08629638701775873
King City,2600.42,2000.5,12874,3348.6,0.20199005748019264
Marina,3791.34,2000.5,19718,2219.8,0.19227812151333806
Monterey,10457.67,2000.5,27810,3284.9,0.37603991370010786
Pacific Grove,3839.56,2000.5,15041,5250.5,0.2552729206834652
Salinas,42101.22,2000.5,150441,6490.5,0.27985203501704986
Seaside,6133.13,2000.5,33025,3575.3,0.1857117335352006
Soledad,2628.21,2000.5,25738,5831.1,0.10211399487139639
Gonzales,1958.33,2000.75,8187,4260.9,0.23919995114205447
Greenfield,1352.68,2000.75,16330,7648.1,0.08283404776484997
King City,2791.36,2000.75,12874,3348.6,0.21682150069908343
Marina,3502.51,2000.75,19718,2219.8,0.17763008418703724
Monterey,9711.7,2000.75,27810,3284.9,0.34921610931319674
Pacific Grove,3426.93,2000.75,15041,5250.5,0.2278392394122731
Salinas,40423.87,2000.75,150441,6490.5,0.26870248137143465
Seaside,5752.65,2000.75,33025,3575.3,0.1741907645722937
Soledad,2394.05,2000.75,25738,5831.1,0.09301616287201804
Gonzales,1547.87,2001,8187,4260.9,0.18906437034322707
Greenfield,1279.51,2001,16330,7648.1,0.07835333741579914
King City,2428.22,2001,12874,3348.6,0.18861426130184866
Marina,3809.17,2001,19718,2219.8,0.19318237143726544
Monterey,9093.75,2001,27810,3284.9,0.3269956850053937
Pacific Grove,3441.6,2001,15041,5250.5,0.22881457349910245
Salinas,35177.7,2001,150441,6490.5,0.2338305382176401
Seaside,5931.43,2001,33025,3575.3,0.17960423921271765
Soledad,2549.89,2001,25738,5831.1,0.09907102338954075
Gonzales,1863.82,2001.25,8187,4260.9,0.2276560400635153
Greenfield,1459.83,2001.25,16330,7648.1,0.0893955909369259
King City,3054.72,2001.25,12874,3348.6,0.23727823520273417
Marina,3991.08,2001.25,19718,2219.8,0.20240795212496196
Monterey,9549.38,2001.25,27810,3284.9,0.3433793599424667
Pacific Grove,3595.5,2001.25,15041,5250.5,0.23904660594375374
Salinas,47440.69,2001.25,150441,6490.5,0.31534415485140355
Seaside,6098.88,2001.25,33025,3575.3,0.1846746404239213
Soledad,2963.97,2001.25,25738,5831.1,0.11515929753671614
Gonzales,1922.21,2001.5,8187,4260.9,0.2347880786612923
Greenfield,1662.03,2001.5,16330,7648.1,0.10177770973668096
King City,3031.42,2001.5,12874,3348.6,0.23546838589405003
Marina,4303.03,2001.5,19718,2219.8,0.2182285221624911
Monterey,10965,2001.5,27810,3284.9,0.39428263214670983
Pacific Grove,3632.74,2001.5,15041,5250.5,0.24152250515258292
Salinas,42469.46,2001.5,150441,6490.5,0.2822997720036426
Seaside,6074.36,2001.5,33025,3575.3,0.18393217259651778
Soledad,2819.41,2001.5,25738,5831.1,0.10954269951045147
Gonzales,2171.02,2001.75,8187,4260.9,0.26517894222547944
Greenfield,1518.42,2001.75,16330,7648.1,0.09298346601347214
King City,2690.24,2001.75,12874,3348.6,0.2089669100512661
Marina,4029.4,2001.75,19718,2219.8,0.2043513540927072
Monterey,9693.3,2001.75,27810,3284.9,0.348554476806904
Pacific Grove,3439.67,2001.75,15041,5250.5,0.22868625756266206
Salinas,36326.79,2001.75,150441,6490.5,0.24146868207470037
Seaside,6391.58,2001.75,33025,3575.3,0.19353762301286903
Soledad,3070.52,2001.75,25738,5831.1,0.11929909083844899
Gonzales,1384.91,2002,8187,4260.9,0.16915964333699768
Greenfield,1370.31,2002,16330,7648.1,0.08391365584813226
King City,2351.71,2002,12874,3348.6,0.18267127543886905
Marina,3911.93,2002,19718,2219.8,0.19839385333198092
Monterey,9401.35,2002,27810,3284.9,0.3380564545127652
Pacific Grove,3356.43,2002,15041,5250.5,0.22315205106043481
Salinas,32202.42,2002,150441,6490.5,0.2140534827606836
Seaside,6056.24,2002,33025,3575.3,0.18338349735049206
Soledad,2759.33,2002,25738,5831.1,0.107208407801694
Gonzales,1753.6,2002.25,8187,4260.9,0.214193233174545
Greenfield,1513.33,2002.25,16330,7648.1,0.09267176974892835
King City,2632.36,2002.25,12874,3348.6,0.20447102687587387
Marina,4463.99,2002.25,19718,2219.8,0.22639162186834363
Monterey,10469.22,2002.25,27810,3284.9,0.3764552319309601
Pacific Grove,3579.09,2002.25,15041,5250.5,0.23795558805930458
Salinas,36849.74,2002.25,150441,6490.5,0.24494479563416888
Seaside,6235,2002.25,33025,3575.3,0.18879636638909916
Soledad,3526.73,2002.25,25738,5831.1,0.13702424430802704
Gonzales,1743.57,2002.5,8187,4260.9,0.21296812019054598
Greenfield,1779.14,2002.5,16330,7648.1,0.10894917330067361
King City,2875.64,2002.5,12874,3348.6,0.22336802858474444
Marina,4317.15,2002.5,19718,2219.8,0.21894461912972915
Monterey,11372.81,2002.5,27810,3284.9,0.4089467817331895
Pacific Grove,3767.33,2002.5,15041,5250.5,0.25047071338341864
Salinas,41141.43,2002.5,150441,6490.5,0.27347219175623666
Seaside,7203.57,2002.5,33025,3575.3,0.21812475397426193
Soledad,3016.49,2002.5,25738,5831.1,0.11719986012899214
Gonzales,1671.18,2002.75,8187,4260.9,0.20412605349945034
Greenfield,1509.23,2002.75,16330,7648.1,0.0924206981016534
King City,2624.36,2002.75,12874,3348.6,0.20384961938791363
Marina,4098.65,2002.75,19718,2219.8,0.2078633735672989
Monterey,12929.8,2002.75,27810,3284.9,0.46493347716648686
Pacific Grove,3493.24,2002.75,15041,5250.5,0.23224785586064756
Salinas,37565.65,2002.75,150441,6490.5,0.24970353826417002
Seaside,11031.25,2002.75,33025,3575.3,0.33402725208175627
Soledad,3061.92,2002.75,25738,5831.1,0.11896495454192245
Gonzales,1589.85,2003,8187,4260.9,0.19419201172590692
Greenfield,1304.45,2003,16330,7648.1,0.07988058787507656
King City,2000.26,2003,12874,3348.6,0.1553720677334162
Marina,3987.39,2003,19718,2219.8,0.20222081346992596
Monterey,9660.75,2003,27810,3284.9,0.34738403451995686
Pacific Grove,3145.79,2003,15041,5250.5,0.2091476630543182
Salinas,34129.36,2003,150441,6490.5,0.22686209211584607
Seaside,8539.85,2003,33025,3575.3,0.2585874337623013
Soledad,2924.08,2003,25738,5831.1,0.1136094490636413
Gonzales,1784.44,2003.25,8187,4260.9,0.21796018077439844
Greenfield,1608.97,2003.25,16330,7648.1,0.09852847519902021
King City,2855.22,2003.25,12874,3348.6,0.22178188597172593
Marina,4631.15,2003.25,19718,2219.8,0.23486915508672276
Monterey,10093.5,2003.25,27810,3284.9,0.3629449838187702
Pacific Grove,3440.99,2003.25,15041,5250.5,0.22877401768499434
Salinas,41338.83,2003.25,150441,6490.5,0.2747843340578699
Seaside,7148.39,2003.25,33025,3575.3,0.2164538985616957
Soledad,3188.81,2003.25,25738,5831.1,0.1238950190379983
Gonzales,1802.05,2003.5,8187,4260.9,0.22011115182606572
Greenfield,1597.68,2003.5,16330,7648.1,0.09783710961420698
King City,2760.23,2003.5,12874,3348.6,0.21440344881155818
Marina,4529.58,2003.5,19718,2219.8,0.22971802414037934
Monterey,10962.04,2003.5,27810,3284.9,0.39417619561308886
Pacific Grove,3675.96,2003.5,15041,5250.5,0.2443959843095539
Salinas,41807.58,2003.5,150441,6490.5,0.2779001734899396
Seaside,7099.68,2003.5,33025,3575.3,0.214978955336866
Soledad,3204.29,2003.5,25738,5831.1,0.12449646437174605
Gonzales,1897.56,2003.75,8187,4260.9,0.23177720776841332
Greenfield,1585.09,2003.75,16330,7648.1,0.09706613594611145
King City,2484.23,2003.75,12874,3348.6,0.19296489047693025
Marina,5522.92,2003.75,19718,2219.8,0.2800953443554113
Monterey,9964.99,2003.75,27810,3284.9,0.3583239841783531
Pacific Grove,3223.78,2003.75,15041,5250.5,0.2143328236154511
Salinas,37811.99,2003.75,150441,6490.5,0.2513409908203216
Seaside,7936.07,2003.75,33025,3575.3,0.24030492051476154
Soledad,3581.06,2003.75,25738,5831.1,0.13913513093480456
Gonzales,1782.89,2004,8187,4260.9,0.2177708562354953
Greenfield,1481.09,2004,16330,7648.1,0.09069748928352725
King City,2737.78,2004,12874,3348.6,0.2126596240484698
Marina,4275.32,2004,19718,2219.8,0.21682320722182777
Monterey,10883.66,2004,27810,3284.9,0.39135778496943546
Pacific Grove,3370.77,2004,15041,5250.5,0.22410544511668107
Salinas,34084.04,2004,150441,6490.5,0.22656084445064845
Seaside,11445.31,2004,33025,3575.3,0.3465650264950795
Soledad,3016.38,2004,25738,5831.1,0.11719558629264124
Gonzales,2004.4,2004.25,8187,4260.9,0.244827165017711
Greenfield,1788.73,2004.25,16330,7648.1,0.10953643600734844
King City,2720.74,2004.25,12874,3348.6,0.21133602609911448
Marina,4739.24,2004.25,19718,2219.8,0.24035094837204585
Monterey,10792.88,2004.25,27810,3284.9,0.3880934915498022
Pacific Grove,3704.36,2004.25,15041,5250.5,0.24628415663852138
Salinas,43665.13,2004.25,150441,6490.5,0.2902475389022939
Seaside,7202.94,2004.25,33025,3575.3,0.21810567751703253
Soledad,3337.03,2004.25,25738,5831.1,0.12965381925557543
Gonzales,2059.2,2004.5,8187,4260.9,0.2515207035544155
Greenfield,2016.76,2004.5,16330,7648.1,0.1235003061849357
King City,3590.58,2004.5,12874,3348.6,0.27890166226503027
Marina,4640.9,2004.5,19718,2219.8,0.23536362714271222
Monterey,10700.92,2004.5,27810,3284.9,0.38478676734987416
Pacific Grove,3611.45,2004.5,15041,5250.5,0.24010704075526892
Salinas,44865.93,2004.5,150441,6490.5,0.2982294055476898
Seaside,6941.3,2004.5,33025,3575.3,0.21018319454958365
Soledad,3534.62,2004.5,25738,5831.1,0.13733079493356126
Gonzales,2142.56,2004.75,8187,4260.9,0.26170269940149016
Greenfield,1906.38,2004.75,16330,7648.1,0.11674096754439682
King City,3307.01,2004.75,12874,3348.6,0.25687509709492
Marina,4191.38,2004.75,19718,2219.8,0.2125661831828786
Monterey,10169.43,2004.75,27810,3284.9,0.36567529665587917
Pacific Grove,3294.51,2004.75,15041,5250.5,0.2190353035037564
Salinas,40516.51,2004.75,150441,6490.5,0.2693182709500735
Seaside,6772.79,2004.75,33025,3575.3,0.20508069644208932
Soledad,3418.87,2004.75,25738,5831.1,0.1328335535006605
Gonzales,1919.79,2005,8187,4260.9,0.23449248809087578
Greenfield,2019.64,2005,16330,7648.1,0.12367666870789958
King City,2617.33,2005,12874,3348.6,0.20330355755786858
Marina,4365.59,2005,19718,2219.8,0.22140125773405012
Monterey,10031.94,2005,27810,3284.9,0.36073139158576056
Pacific Grove,3167.57,2005,15041,5250.5,0.210595705072801
Salinas,31311.97,2005,150441,6490.5,0.20813455108647244
Seaside,7401.88,2005,33025,3575.3,0.22412959878879637
Soledad,3033.14,2005,25738,5831.1,0.11784676354029061
Gonzales,2046.56,2005.25,8187,4260.9,0.24997679247587637
Greenfield,2542.86,2005.25,16330,7648.1,0.15571708511941212
King City,2953.32,2005.25,12874,3348.6,0.2294018952928383
Marina,4577.01,2005.25,19718,2219.8,0.23212344051120803
Monterey,11105.63,2005.25,27810,3284.9,0.39933944624235884
Pacific Grove,3499.78,2005.25,15041,5250.5,0.2326826673758394
Salinas,41031.47,2005.25,150441,6490.5,0.2727412739878092
Seaside,12653.69,2005.25,33025,3575.3,0.38315488266464803
Soledad,3255.98,2005.25,25738,5831.1,0.12650477892610149
Gonzales,2152.06,2005.5,8187,4260.9,0.2628630756076707
Greenfield,2399.13,2005.5,16330,7648.1,0.14691549295774647
King City,3066.03,2005.5,12874,3348.6,0.238156750038838
Marina,7170.73,2005.5,19718,2219.8,0.3636641647225885
Monterey,12735.36,2005.5,27810,3284.9,0.4579417475728155
Pacific Grove,3765.69,2005.5,15041,5250.5,0.2503616780799149
Salinas,40913.92,2005.5,150441,6490.5,0.2719599045472976
Seaside,7425.3,2005.5,33025,3575.3,0.22483875851627555
Soledad,3475.8,2005.5,25738,5831.1,0.13504545807755072
Gonzales,1964.71,2005.75,8187,4260.9,0.23997923537315255
Greenfield,2140.8,2005.75,16330,7648.1,0.13109614206981018
King City,2916.97,2005.75,12874,3348.6,0.22657837501941896
Marina,9984.53,2005.75,19718,2219.8,0.5063662643270109
Monterey,10507.33,2005.75,27810,3284.9,0.37782560230133044
Pacific Grove,3547.35,2005.75,15041,5250.5,0.2358453560268599
Salinas,37614.71,2005.75,150441,6490.5,0.250029646173583
Seaside,6941.83,2005.75,33025,3575.3,0.210199242997729
Soledad,3670.39,2005.75,25738,5831.1,0.14260587458232962
Gonzales,1930.34,2006,8187,4260.9,0.2357811164040552
Greenfield,2150.31,2006,16330,7648.1,0.13167850581751378
King City,1319.23,2006,12874,3348.6,0.10247242504272176
Marina,7376.56,2006,19718,2219.8,0.37410285018764583
Monterey,10159.49,2006,27810,3284.9,0.3653178712693276
Pacific Grove,3426.9,2006,15041,5250.5,0.2278372448640383
Salinas,32003.98,2006,150441,6490.5,0.21273442744996376
Seaside,6962.66,2006,33025,3575.3,0.21082997728993186
Soledad,3649.09,2006,25738,5831.1,0.14177830445256043
Gonzales,2229.25,2006.25,8187,4260.9,0.27229143764504704
Greenfield,2441.95,2006.25,16330,7648.1,0.14953766074709124
King City,3137.28,2006.25,12874,3348.6,0.24369116047848377
Marina,5307.36,2006.25,19718,2219.8,0.2691632011360178
Monterey,10749.48,2006.25,27810,3284.9,0.3865329018338727
Pacific Grove,3664.56,2006.25,15041,5250.5,0.24363805598032046
Salinas,39113.93,2006.25,150441,6490.5,0.25999514759939113
Seaside,7545.98,2006.25,33025,3575.3,0.22849295987887963
Soledad,4101.55,2006.25,25738,5831.1,0.1593577589556298
Gonzales,2227.21,2006.5,8187,4260.9,0.27204226212287774
Greenfield,2377.28,2006.5,16330,7648.1,0.1455774647887324
King City,3199.21,2006.5,12874,3348.6,0.2485016311946559
Marina,4743.19,2006.5,19718,2219.8,0.2405512729485749
Monterey,10482.2,2006.5,27810,3284.9,0.37692197051420356
Pacific Grove,3580.46,2006.5,15041,5250.5,0.2380466724286949
Salinas,39367.15,2006.5,150441,6490.5,0.26167833236950033
Seaside,7899.87,2006.5,33025,3575.3,0.23920878122634368
Soledad,3472.07,2006.5,25738,5831.1,0.13490053617219674
Gonzales,2208.5,2006.75,8187,4260.9,0.2697569317210211
Greenfield,2096.65,2006.75,16330,7648.1,0.1283925290875689
King City,3501.88,2006.75,12874,3348.6,0.27201180674227127
Marina,4701.13,2006.75,19718,2219.8,0.2384181965716604
Monterey,9917.54,2006.75,27810,3284.9,0.35661776339446244
Pacific Grove,2920.54,2006.75,15041,5250.5,0.1941719300578419
Salinas,36238.72,2006.75,150441,6490.5,0.24088326985329797
Seaside,6425.9,2006.75,33025,3575.3,0.19457683573050719
Soledad,3602.82,2006.75,25738,5831.1,0.13998057347113219
Gonzales,1725.21,2007,8187,4260.9,0.21072554049102235
Greenfield,1895.64,2007,16330,7648.1,0.11608328230251072
King City,2920.04,2007,12874,3348.6,0.22681684014292372
Marina,4426.51,2007,19718,2219.8,0.22449082057003755
Monterey,10970.8,2007,27810,3284.9,0.39449119021934553
Pacific Grove,2844.27,2007,15041,5250.5,0.18910112359550563
Salinas,30451.75,2007,150441,6490.5,0.20241656197446176
Seaside,6589.09,2007,33025,3575.3,0.19951824375473126
Soledad,3158.93,2007,25738,5831.1,0.12273408967285725
Gonzales,1863.37,2007.25,8187,4260.9,0.2276010748748015
Greenfield,2057.61,2007.25,16330,7648.1,0.1260018371096142
King City,2912.46,2007.25,12874,3348.6,0.2262280565480814
Marina,5558.47,2007.25,19718,2219.8,0.28189826554417285
Monterey,10277.15,2007.25,27810,3284.9,0.3695487234807623
Pacific Grove,3031.15,2007.25,15041,5250.5,0.20152582939964098
Salinas,35514.01,2007.25,150441,6490.5,0.23606603253102545
Seaside,6712.14,2007.25,33025,3575.3,0.20324420893262682
Soledad,3281.33,2007.25,25738,5831.1,0.12748970393970005
Gonzales,1980.26,2007.5,8187,4260.9,0.24187858800537437
Greenfield,2410.08,2007.5,16330,7648.1,0.147586037966932
King City,3019.61,2007.5,12874,3348.6,0.23455103308994874
Marina,5576.36,2007.5,19718,2219.8,0.28280555837306015
Monterey,10947.76,2007.5,27810,3284.9,0.3936627112549443
Pacific Grove,3531.48,2007.5,15041,5250.5,0.23479024001063759
Salinas,34883.95,2007.5,150441,6490.5,0.23187794550687643
Seaside,6726.67,2007.5,33025,3575.3,0.20368417865253596
Soledad,3508.92,2007.5,25738,5831.1,0.13633227134975523
Gonzales,1737.81,2007.75,8187,4260.9,0.21226456577500916
Greenfield,1934.38,2007.75,16330,7648.1,0.11845560318432334
King City,2792.13,2007.75,12874,3348.6,0.2168813111697996
Marina,4300.94,2007.75,19718,2219.8,0.21812252763972004
Monterey,10760.25,2007.75,27810,3284.9,0.38692017259978423
Pacific Grove,3355.45,2007.75,15041,5250.5,0.22308689581809718
Salinas,33211.13,2007.75,150441,6490.5,0.22075850333353272
Seaside,6584.08,2007.75,33025,3575.3,0.1993665404996215
Soledad,3168.6,2007.75,25738,5831.1,0.12310979874116093
Gonzales,1650.75,2008,8187,4260.9,0.20163063393184316
Greenfield,1648.56,2008,16330,7648.1,0.10095284751990202
King City,3.52,2008,12874,3348.6,2.734192947025012e-4
Marina,3914.36,2008,19718,2219.8,0.1985170909828583
Monterey,9926.36,2008,27810,3284.9,0.3569349154980223
Pacific Grove,3180.04,2008,15041,5250.5,0.21142477228907652
Salinas,26492.32,2008,150441,6490.5,0.1760977393130862
Seaside,6288.42,2008,33025,3575.3,0.19041392884178654
Soledad,2877.41,2008,25738,5831.1,0.1117961768591188
Gonzales,1808.22,2008.25,8187,4260.9,0.22086478563576403
Greenfield,1857.51,2008.25,16330,7648.1,0.11374831598285365
King City,91.2,2008.25,12874,3348.6,0.0070840453627466216
Marina,4176.66,2008.25,19718,2219.8,0.21181965716604118
Monterey,9126.35,2008.25,27810,3284.9,0.3281679252067602
Pacific Grove,3017.81,2008.25,15041,5250.5,0.20063892028455554
Salinas,23979.01,2008.25,150441,6490.5,0.1593914557866539
Seaside,6304.59,2008.25,33025,3575.3,0.19090355791067373
Soledad,2874.56,2008.25,25738,5831.1,0.11168544564457222
Gonzales,1820.45,2008.5,8187,4260.9,0.2223586173201417
Greenfield,1385.02,2008.5,16330,7648.1,0.0848144519289651
King City,158.83,2008.5,12874,3348.6,0.012337268914090416
Marina,4286.2,2008.5,19718,2219.8,0.2173749873212293
Monterey,9557.63,2008.5,27810,3284.9,0.34367601582164686
Pacific Grove,3233.93,2008.5,15041,5250.5,0.21500764576823347
Salinas,31610.14,2008.5,150441,6490.5,0.21011652408585424
Seaside,6287.25,2008.5,33025,3575.3,0.19037850113550342
Soledad,2934.05,2008.5,25738,5831.1,0.11399681404926569
Gonzales,1797.99,2008.75,8187,4260.9,0.21961524367900329
Greenfield,1742.16,2008.75,16330,7648.1,0.10668462951622781
King City,12.15,2008.75,12874,3348.6,9.437626223395992e-4
Marina,3692.01,2008.75,19718,2219.8,0.18724059235216556
Monterey,8190.66,2008.75,27810,3284.9,0.29452211434735703
Pacific Grove,2608.87,2008.75,15041,5250.5,0.17345056844624693
Salinas,29660.25,2008.75,150441,6490.5,0.19715536323209765
Seaside,5848.74,2008.75,33025,3575.3,0.1771003785011355
Soledad,2931.49,2008.75,25738,5831.1,0.11389735022146243
Gonzales,1466.6,2009,8187,4260.9,0.17913765726151215
Greenfield,1554.47,2009,16330,7648.1,0.09519105939987753
King City,2161.73,2009,12874,3348.6,0.16791440111853348
Marina,3949.78,2009,19718,2219.8,0.2003134192108733
Monterey,7783.64,2009,27810,3284.9,0.2798863718087019
Pacific Grove,2609.22,2009,15041,5250.5,0.1734738381756532
Salinas,26834.4,2009,150441,6490.5,0.178371587532654
Seaside,6571.17,2009,33025,3575.3,0.1989756245268736
Soledad,2649.94,2009,25738,5831.1,0.10295827181599192
Gonzales,1556.65,2009.25,8187,4260.9,0.19013680224746551
Greenfield,1698.25,2009.25,16330,7648.1,0.10399571341090018
King City,2645.71,2009.25,12874,3348.6,0.20550800062140748
Marina,4230.05,2009.25,19718,2219.8,0.21452733542955676
Monterey,7901.62,2009.25,27810,3284.9,0.28412873067242
Pacific Grove,2502.19,2009.25,15041,5250.5,0.1663579549232099
Salinas,28947.31,2009.25,150441,6490.5,0.1924163625607381
Seaside,6301.11,2009.25,33025,3575.3,0.19079818319454958
Soledad,2843.7,2009.25,25738,5831.1,0.11048644028285025
Gonzales,1429.86,2009.5,8187,4260.9,0.1746500549651887
Greenfield,1831.86,2009.5,16330,7648.1,0.11217758726270667
King City,2791.93,2009.5,12874,3348.6,0.21686577598260057
Marina,3936.68,2009.5,19718,2219.8,0.19964905162795415
Monterey,8270.86,2009.5,27810,3284.9,0.297405969075872
Pacific Grove,2748.46,2009.5,15041,5250.5,0.1827312013828868
Salinas,31073.32,2009.5,150441,6490.5,0.2065482149148171
Seaside,5879.36,2009.5,33025,3575.3,0.17802755488266464
Soledad,2821.95,2009.5,25738,5831.1,0.1096413862771
Gonzales,1232.16,2009.75,8187,4260.9,0.15050201539025285
Greenfield,1782.68,2009.75,16330,7648.1,0.10916595223515003
King City,2534.64,2009.75,12874,3348.6,0.19688053441043962
Marina,3763.3,2009.75,19718,2219.8,0.19085607059539508
Monterey,7636.47,2009.75,27810,3284.9,0.2745943905070119
Pacific Grove,2683.37,2009.75,15041,5250.5,0.17840369656272853
Salinas,28777.95,2009.75,150441,6490.5,0.19129060561947875
Seaside,5690.11,2009.75,33025,3575.3,0.17229704769114307
Soledad,2761.25,2009.75,25738,5831.1,0.10728300567254644
Gonzales,1196.59,2010,8187,4260.9,0.1461573225845853
Greenfield,1504.87,2010,16330,7648.1,0.09215370483772198
King City,2352.89,2010,12874,3348.6,0.18276293304334315
Marina,3675.26,2010,19718,2219.8,0.186391114717517
Monterey,7048.95,2010,27810,3284.9,0.25346817691477885
Pacific Grove,2558.79,2010,15041,5250.5,0.1701210025929127
Salinas,25054.76,2010,150441,6490.5,0.16654209956062507
Seaside,5978.74,2010,33025,3575.3,0.18103679031037093
Soledad,2465.67,2010,25738,5831.1,0.09579881886704483
Gonzales,1356.85,2010.25,8187,4260.9,0.16573225845853182
Greenfield,1677.18,2010.25,16330,7648.1,0.10270545009185549
King City,2745.88,2010.25,12874,3348.6,0.21328879913002952
Marina,3860.08,2010.25,19718,2219.8,0.19576427629577037
Monterey,8146.73,2010.25,27810,3284.9,0.2929424667385832
Pacific Grove,2911.25,2010.25,15041,5250.5,0.1935542849544578
Salinas,28191.35,2010.25,150441,6490.5,0.18739140260966092
Seaside,6020.43,2010.25,33025,3575.3,0.1822991672975019
Soledad,2714.14,2010.25,25738,5831.1,0.10545263812262025
Gonzales,1406.3,2010.5,8187,4260.9,0.171772321973861
Greenfield,1796.41,2010.5,16330,7648.1,0.11000673606858544
King City,2944.68,2010.5,12874,3348.6,0.22873077520584123
Marina,3662.58,2010.5,19718,2219.8,0.18574804746931736
Monterey,8558.26,2010.5,27810,3284.9,0.3077403811578569
Pacific Grove,3319.74,2010.5,15041,5250.5,0.22071271856924404
Salinas,29226.59,2010.5,150441,6490.5,0.1942727713854601
Seaside,6139.58,2010.5,33025,3575.3,0.18590704012112036
Soledad,2778.65,2010.5,25738,5831.1,0.10795904887714664
Gonzales,1313.41,2010.75,8187,4260.9,0.1604262855746916
Greenfield,1778.3,2010.75,16330,7648.1,0.1088977342314758
King City,2733.83,2010.75,12874,3348.6,0.21235280410128943
Marina,3182.37,2010.75,19718,2219.8,0.1613941576224769
Monterey,7089.37,2010.75,27810,3284.9,0.25492161093131965
Pacific Grove,2595.27,2010.75,15041,5250.5,0.1725463732464597
Salinas,27924.78,2010.75,150441,6490.5,0.18561947873252638
Seaside,5388.12,2010.75,33025,3575.3,0.16315276305828919
Soledad,2731.87,2010.75,25738,5831.1,0.10614150283627322
Gonzales,1179.85,2011,8187,4260.9,0.14411261756443142
Greenfield,1484.6,2011,16330,7648.1,0.09091243110838947
King City,1962.91,2011,12874,3348.6,0.15247087152400188
Marina,3111.01,2011,19718,2219.8,0.1577751293234608
Monterey,6566.63,2011,27810,3284.9,0.23612477526069758
Pacific Grove,2418.8,2011,15041,5250.5,0.16081377567980853
Salinas,23904.65,2011,150441,6490.5,0.15889717563696068
Seaside,5749.83,2011,33025,3575.3,0.17410537471612414
Soledad,2465.45,2011,25738,5831.1,0.09579027119434298
Gonzales,1265.75,2011.25,8187,4260.9,0.15460486136557958
Greenfield,1699.98,2011.25,16330,7648.1,0.1041016533986528
King City,2244.01,2011.25,12874,3348.6,0.17430557713220446
Marina,3773.35,2011.25,19718,2219.8,0.1913657571761842
Monterey,7264.37,2011.25,27810,3284.9,0.26121431139877743
Pacific Grove,2427.84,2011.25,15041,5250.5,0.16141479954790242
Salinas,28509.7,2011.25,150441,6490.5,0.18950751457381965
Seaside,6613,2011.25,33025,3575.3,0.20024224072672217
Soledad,2477.35,2011.25,25738,5831.1,0.09625262258139715
Gonzales,1450.8,2011.5,8187,4260.9,0.1772077684133382
Greenfield,1823.34,2011.5,16330,7648.1,0.11165584813227189
King City,2329.8,2011.5,12874,3348.6,0.18096939568121798
Marina,3668.85,2011.5,19718,2219.8,0.18606603103763059
Monterey,8141.23,2011.5,27810,3284.9,0.2927446961524631
Pacific Grove,2537.14,2011.5,15041,5250.5,0.16868160361678078
Salinas,28272.38,2011.5,150441,6490.5,0.18793001907724624
Seaside,6089.34,2011.5,33025,3575.3,0.18438576835730508
Soledad,2606.09,2011.5,25738,5831.1,0.10125456523428394
Gonzales,1511.17,2011.75,8187,4260.9,0.18458165384145597
Greenfield,1644.37,2011.75,16330,7648.1,0.10069626454378444
King City,2098.33,2011.75,12874,3348.6,0.16298974677644865
Marina,3122.33,2011.75,19718,2219.8,0.1583492240592352
Monterey,7347.93,2011.75,27810,3284.9,0.26421898597626753
Pacific Grove,2459.29,2011.75,15041,5250.5,0.1635057509474104
Salinas,27334.09,2011.75,150441,6490.5,0.18169308898505063
Seaside,5319.7,2011.75,33025,3575.3,0.16108099924299774
Soledad,2461.19,2011.75,25738,5831.1,0.09562475716838915
Gonzales,1228.21,2012,8187,4260.9,0.15001954317820937
Greenfield,1544.33,2012,16330,7648.1,0.09457011635027557
King City,1807.45,2012,12874,3348.6,0.1403953705142147
Marina,2957.46,2012,19718,2219.8,0.14998782838016025
Monterey,6862.32,2012,27810,3284.9,0.24675728155339804
Pacific Grove,2168.87,2012,15041,5250.5,0.144197194335483
Salinas,24051.3,2012,150441,6490.5,0.1598719763894151
Seaside,5078.41,2012,33025,3575.3,0.15377471612414836
Soledad,2240.71,2012,25738,5831.1,0.08705843499883441
Gonzales,1522.86,2012.25,8187,4260.9,0.18600952729937706
Greenfield,1897.59,2012.25,16330,7648.1,0.11620269442743417
King City,2381.45,2012.25,12874,3348.6,0.18498135777536118
Marina,3264.02,2012.25,19718,2219.8,0.16553504412212192
Monterey,7438.83,2012.25,27810,3284.9,0.267487594390507
Pacific Grove,2397.66,2012.25,15041,5250.5,0.15940828402366863
Salinas,27715.69,2012.25,150441,6490.5,0.18422963154990993
Seaside,5818.58,2012.25,33025,3575.3,0.17618713096139288
Soledad,2315.08,2012.25,25738,5831.1,0.08994793690263424
Gonzales,1611.36,2012.5,8187,4260.9,0.19681934774642726
Greenfield,2022.53,2012.5,16330,7648.1,0.12385364360073484
King City,2357.44,2012.5,12874,3348.6,0.18311635855212055
Marina,3362.96,2012.5,19718,2219.8,0.17055279440105486
Monterey,7817.44,2012.5,27810,3284.9,0.28110176195613085
Pacific Grove,2370.99,2012.5,15041,5250.5,0.15763513064290938
Salinas,28749.41,2012.5,150441,6490.5,0.19110089669704403
Seaside,5337.82,2012.5,33025,3575.3,0.16162967448902346
Soledad,2258.77,2012.5,25738,5831.1,0.08776012122154013
Gonzales,1797.67,2012.75,8187,4260.9,0.2195761573225846
Greenfield,1880.88,2012.75,16330,7648.1,0.11517942437232088
King City,2317.95,2012.75,12874,3348.6,0.18004893583967685
Marina,3088.27,2012.75,19718,2219.8,0.1566218683436454
Monterey,7019.68,2012.75,27810,3284.9,0.2524156778137361
Pacific Grove,2366.09,2012.75,15041,5250.5,0.15730935443122135
Salinas,28012.29,2012.75,150441,6490.5,0.18620116856442062
Seaside,5400.34,2012.75,33025,3575.3,0.1635227857683573
Soledad,2322.54,2012.75,25738,5831.1,0.09023778071334214
Marina,3112.1,2013,19718,2219.8,0.15783040876356627
Monterey,6934.48,2013,27810,3284.9,0.24935203164329375
Pacific Grove,2264.25,2013,15041,5250.5,0.1505385280234027
Seaside,5543.5,2013,33025,3575.3,0.16785768357305073
Marina,3220.53,2013.25,19718,2219.8,0.16332944517699566
Monterey,7496.55,2013.25,27810,3284.9,0.2695631067961165
Pacific Grove,2339.01,2013.25,15041,5250.5,0.15550894222458614
Seaside,6723.65,2013.25,33025,3575.3,0.2035927327781983
Marina,3294.99,2013.5,19718,2219.8,0.16710569023227506
Monterey,7895.27,2013.5,27810,3284.9,0.28390039554117225
Pacific Grove,2375.58,2013.5,15041,5250.5,0.15794029652283756
Seaside,5808.9,2013.5,33025,3575.3,0.17589401968205903
Marina,2966.71,2013.75,19718,2219.8,0.15045694289481693
Monterey,7362.09,2013.75,27810,3284.9,0.2647281553398058
Pacific Grove,2204.23,2013.75,15041,5250.5,0.14654810185492986
Seaside,5209.08,2013.75,33025,3575.3,0.15773141559424678
Marina,3157.03,2014,19718,2219.8,0.16010903742773103
Monterey,6984.33,2014,27810,3284.9,0.2511445523193096
Pacific Grove,2248.11,2014,15041,5250.5,0.14946546107306696
Seaside,5419.97,2014,33025,3575.3,0.16411718395155186
Marina,3378.91,2014.25,19718,2219.8,0.17136169996957093
Monterey,7553.97,2014.25,27810,3284.9,0.2716278317152104
Pacific Grove,2346.82,2014.25,15041,5250.5,0.15602818961505222
Seaside,5839.68,2014.25,33025,3575.3,0.17682604087812265
Marina,3363.78,2014.5,19718,2219.8,0.17059438076884068
Monterey,7770.83,2014.5,27810,3284.9,0.279425746134484
Pacific Grove,2556.46,2014.5,15041,5250.5,0.16996609268000798
Seaside,6173.82,2014.5,33025,3575.3,0.1869438304314913
Marina,3269.59,2014.75,19718,2219.8,0.16581752713256923
Monterey,7436.92,2014.75,27810,3284.9,0.26741891405969076
Pacific Grove,2688.29,2014.75,15041,5250.5,0.1787308024732398
Seaside,5499.98,2014.75,33025,3575.3,0.16653989401968206
Marina,3271.08,2015,19718,2219.8,0.16589309260574095
Monterey,7470.01,2015,27810,3284.9,0.2686087738223661
Pacific Grove,2586.18,2015,15041,5250.5,0.17194202513130774
Seaside,5408.06,2015,33025,3575.3,0.1637565480696442
Marina,3418.24,2015.25,19718,2219.8,0.17335632417080837
Monterey,7613.51,2015.25,27810,3284.9,0.2737687882056814
Pacific Grove,2675.85,2015.25,15041,5250.5,0.1779037298051991
Seaside,5101.92,2015.25,33025,3575.3,0.1544866010598032
Marina,3950.45,2015.5,19718,2219.8,0.20034739831625925
Monterey,7977.14,2015.5,27810,3284.9,0.2868443006112909
Pacific Grove,2635.08,2015.5,15041,5250.5,0.1751931387540722
Seaside,5469.67,2015.5,33025,3575.3,0.1656221044663134
Marina,3787.24,2015.75,19718,2219.8,0.19207018967440917
Monterey,7892.86,2015.75,27810,3284.9,0.2838137360661632
Pacific Grove,2589.81,2015.75,15041,5250.5,0.17218336546772156
Seaside,5412.42,2015.75,33025,3575.3,0.1638885692657078
Marina,4777.98,2016,19718,2219.8,0.24231565067451058
Monterey,8588.39,2016,27810,3284.9,0.30882380438691115
Pacific Grove,2694.22,2016,15041,5250.5,0.1791250581743235
Seaside,5919.5,2016,33025,3575.3,0.1792429977289932
Marina,6265.1,2016.25,19718,2219.8,0.317735064408155
Monterey,9269.75,2016.25,27810,3284.9,0.333324343761237
Pacific Grove,2726.98,2016.25,15041,5250.5,0.18130310484675222
Seaside,6163.69,2016.25,33025,3575.3,0.18663709311127932
Marina,4781.46,2016.5,19718,2219.8,0.24249213916218684
Monterey,8913.54,2016.5,27810,3284.9,0.32051564185544773
Pacific Grove,2882.5,2016.5,15041,5250.5,0.19164284289608405
Seaside,6160.99,2016.5,33025,3575.3,0.18655533686601058
Marina,4426.73,2016.75,19718,2219.8,0.22450197788822393
Monterey,9569.75,2016.75,27810,3284.9,0.3441118302768788
Pacific Grove,2523.09,2016.75,15041,5250.5,0.16774749019347118
Seaside,6608.21,2016.75,33025,3575.3,0.2000971990915973
Marina,5905.44,2017,19718,2219.8,0.29949487777665074
Monterey,9926.84,2017,27810,3284.9,0.3569521754764473
Pacific Grove,2854.13,2017,15041,5250.5,0.18975666511535139
Seaside,6599.85,2017,33025,3575.3,0.1998440575321726
Marina,6494.77,2017.25,19718,2219.8,0.3293827974439599
Monterey,9904.1,2017.25,27810,3284.9,0.3561344839985617
Pacific Grove,3185.18,2017.25,15041,5250.5,0.21176650488664317
Seaside,7569.28,2017.25,33025,3575.3,0.22919848599545797
Marina,7101.8,2017.5,19718,2219.8,0.36016837407444974
Monterey,10133.18,2017.5,27810,3284.9,0.3643718087019058
Pacific Grove,3029.52,2017.5,15041,5250.5,0.20141745894554883
Seaside,6794.07,2017.5,33025,3575.3,0.2057250567751703
Marina,6104.95,2017.75,19718,2219.8,0.3096130439192616
Monterey,9178.28,2017.75,27810,3284.9,0.3300352391226178
Pacific Grove,2700.44,2017.75,15041,5250.5,0.17953859450834386
Seaside,6128.37,2017.75,33025,3575.3,0.1855676003028009
Marina,7347.43,2018,19718,2219.8,0.37262551982959735
Monterey,8551.5,2018,27810,3284.9,0.3074973031283711
Pacific Grove,2575.48,2018,15041,5250.5,0.17123063626088691
Seaside,5542,2018,33025,3575.3,0.16781226343679032
Marina,5299.73,2018.25,19718,2219.8,0.2687762450552794
Monterey,9393.55,2018.25,27810,3284.9,0.3377759798633585
Pacific Grove,3243.88,2018.25,15041,5250.5,0.21566917093278373
Seaside,7070.42,2018.25,33025,3575.3,0.21409295987887964
Marina,4512.41,2018.5,19718,2219.8,0.22884724617101126
Monterey,12523.49,2018.5,27810,3284.9,0.4503232650125854
Pacific Grove,3118.44,2018.5,15041,5250.5,0.20732929991356958
Seaside,6869,2018.5,33025,3575.3,0.20799394398183194
Marina,4838.25,2018.75,19718,2219.8,0.24537224870676538
Monterey,8320.55,2018.75,27810,3284.9,0.2991927364257461
Pacific Grove,3035.95,2018.75,15041,5250.5,0.20184495711721293
Seaside,7025.62,2018.75,33025,3575.3,0.21273641180923542
Marina,4444.58,2019,19718,2219.8,0.22540724211380464
Monterey,7955.5,2019,27810,3284.9,0.2860661632506293
Pacific Grove,2769.35,2019,15041,5250.5,0.18412007180373643
Seaside,6880.4,2019,33025,3575.3,0.20833913701741105
Marina,4595.32,2019.25,19718,2219.8,0.23305203367481486
Monterey,8624.06,2019.25,27810,3284.9,0.31010643653362097
Pacific Grove,2044.85,2019.25,15041,5250.5,0.13595173193271723
Seaside,5324.98,2019.25,33025,3575.3,0.16124087812263435
Marina,7163.41,2019.5,19718,2219.8,0.3632929303174764
Monterey,12622.16,2019.5,27810,3284.9,0.45387126932758
Pacific Grove,3924.85,2019.5,15041,5250.5,0.26094342131507214
Seaside,8398.41,2019.5,33025,3575.3,0.25430461771385315
Marina,6418.63,2019.75,19718,2219.8,0.32552135104980223
Monterey,11789.31,2019.75,27810,3284.9,0.4239234088457389
Pacific Grove,3964.24,2019.75,15041,5250.5,0.2635622631473971
Seaside,7563.87,2019.75,33025,3575.3,0.22903467070401212
